0.1	0.00166583	0.00332168	0.00252526	0.034148	0.00117792	0.0365038	0.0021723	0.00252526	0.034148
0.08	0.00106633	0.00212856	0.00159553	0.0275152	0.000754006	0.0290232	0.0014147	0.00159553	0.0275152
0.064	0.000682527	0.00136338	0.00101036	0.0221371	0.000482619	0.0231023	0.000917744	0.00101036	0.0221371
0.0512	0.000436849	0.000873012	0.000641029	0.0177891	0.000308899	0.0184069	0.000593596	0.000641029	0.0177891
0.04096	0.000279597	0.000558912	0.000407355	0.0142818	0.000197705	0.0146772	0.000383066	0.000407355	0.0142818
0.032768	0.000178947	0.000357779	0.000259207	0.0114577	0.000126535	0.0117107	0.00024677	0.000259207	0.0114577
0.0262144	0.000114529	0.00022901	0.000165119	0.00918668	8.09839e-05	0.00934864	0.00015875	0.000165119	0.00918668
0.0209715	7.32992e-05	0.000146579	0.000105277	0.00736245	5.18303e-05	0.00746611	0.000102017	0.000105277	0.00736245
0.0167772	4.69118e-05	9.38157e-05	6.71725e-05	0.00589833	3.31717e-05	0.00596467	6.5503e-05	6.71725e-05	0.00589833
0.0134218	3.00237e-05	6.00442e-05	4.28851e-05	0.00472401	2.123e-05	0.00476647	4.20303e-05	4.28851e-05	0.00472401
0.0107374	1.92152e-05	3.84292e-05	2.73924e-05	0.00378263	1.35872e-05	0.0038098	2.69547e-05	2.73924e-05	0.00378263
0.00858993	1.22978e-05	2.4595e-05	1.75034e-05	0.00302829	8.69585e-06	0.00304568	1.72793e-05	1.75034e-05	0.00302829
0.00687195	7.87059e-06	1.5741e-05	1.11879e-05	0.00242403	5.56535e-06	0.00243516	1.10732e-05	1.11879e-05	0.00242403
0.00549756	5.03718e-06	1.00743e-05	7.15296e-06	0.00194011	3.56183e-06	0.00194724	7.09422e-06	7.15296e-06	0.00194011
0.00439805	3.2238e-06	6.44756e-06	4.57415e-06	0.00155266	2.27957e-06	0.00155722	4.54408e-06	4.57415e-06	0.00155266
0.00351844	2.06323e-06	4.12645e-06	2.92554e-06	0.0012425	1.45893e-06	0.00124541	2.91014e-06	2.92554e-06	0.0012425
0.00281475	1.32047e-06	2.64093e-06	1.87136e-06	0.00099423	9.33712e-07	0.000996097	1.86348e-06	1.87136e-06	0.00099423
0.0022518	8.451e-07	1.6902e-06	1.19717e-06	0.000795534	5.97576e-07	0.000796729	1.19313e-06	1.19717e-06	0.000795534
0.00180144	5.40864e-07	1.08173e-06	7.6593e-07	0.000636523	3.82449e-07	0.000637287	7.63863e-07	7.6593e-07	0.000636523
0.00144115	3.46153e-07	6.92306e-07	4.90063e-07	0.000509279	2.44767e-07	0.000509769	4.89005e-07	4.90063e-07	0.000509279
0.00115292	2.21538e-07	4.43076e-07	3.13573e-07	0.000407463	1.56651e-07	0.000407776	3.13031e-07	3.13573e-07	0.000407463
0.000922337	1.41784e-07	2.83569e-07	2.00652e-07	0.000325995	1.00257e-07	0.000326196	2.00375e-07	2.00652e-07	0.000325995
0.00073787	9.0742e-08	1.81484e-07	1.284e-07	0.000260812	6.41642e-08	0.000260941	1.28258e-07	1.284e-07	0.000260812
0.000590296	5.80749e-08	1.1615e-07	8.21665e-08	0.00020866	4.10651e-08	0.000208742	8.20939e-08	8.21665e-08	0.00020866
0.000472237	3.71679e-08	7.43358e-08	5.25817e-08	0.000166935	2.62817e-08	0.000166987	5.25447e-08	5.25817e-08	0.000166935
0.000377789	2.37875e-08	4.75749e-08	3.36503e-08	0.000133552	1.68203e-08	0.000133586	3.36312e-08	3.36503e-08	0.000133552
0.000302231	1.5224e-08	3.04479e-08	2.15343e-08	0.000106844	1.0765e-08	0.000106866	2.15253e-08	2.15343e-08	0.000106844
0.000241785	9.74334e-09	1.94867e-08	1.37821e-08	8.54771e-05	6.8896e-09	8.54909e-05	1.37766e-08	1.37821e-08	8.54771e-05
0.000193428	6.23574e-09	1.24715e-08	8.81955e-09	6.83828e-05	4.40936e-09	6.83916e-05	8.81782e-09	8.81955e-09	6.83828e-05
0.000154743	3.99087e-09	7.98175e-09	5.64491e-09	5.47069e-05	2.82189e-09	5.47126e-05	5.64383e-09	5.64491e-09	5.47069e-05
0.000123794	2.55416e-09	5.10832e-09	3.61269e-09	4.3766e-05	1.80596e-09	4.37696e-05	3.61224e-09	3.61269e-09	4.3766e-05
9.90352e-05	1.63466e-09	3.26932e-09	2.31184e-09	3.50131e-05	1.1561e-09	3.50154e-05	2.31127e-09	2.31184e-09	3.50131e-05
7.92282e-05	1.04618e-09	2.09237e-09	1.4789e-09	2.80106e-05	7.40053e-10	2.80121e-05	1.4789e-09	1.4789e-09	2.80106e-05
6.33825e-05	6.69558e-10	1.33912e-09	9.45709e-10	2.24086e-05	4.73981e-10	2.24096e-05	9.48337e-10	9.45709e-10	2.24086e-05
5.0706e-05	4.28517e-10	8.57034e-10	6.03267e-10	1.7927e-05	3.03198e-10	1.79276e-05	6.05457e-10	6.03267e-10	1.7927e-05
4.05648e-05	2.74251e-10	5.48502e-10	3.88693e-10	1.43416e-05	1.929e-10	1.4342e-05	3.90062e-10	3.88693e-10	1.43416e-05
3.24519e-05	1.7552e-10	3.51041e-10	2.45005e-10	1.14733e-05	1.24478e-10	1.14736e-05	2.48427e-10	2.45005e-10	1.14733e-05
2.59615e-05	1.12333e-10	2.24666e-10	1.56056e-10	9.17869e-06	7.91476e-11	9.17885e-06	1.60332e-10	1.56056e-10	9.17869e-06
2.07692e-05	7.18932e-11	1.43786e-10	1.04739e-10	7.34296e-06	5.02817e-11	7.34307e-06	1.07412e-10	1.04739e-10	7.34296e-06
1.66153e-05	4.60115e-11	9.20235e-11	5.6629e-11	5.87438e-06	3.02358e-11	5.87444e-06	7.33338e-11	5.6629e-11	5.87438e-06
1.32923e-05	2.94474e-11	5.88949e-11	3.99242e-11	4.6995e-06	2.27187e-11	4.69955e-06	4.41004e-11	3.99242e-11	4.6995e-06
1.06338e-05	1.88465e-11	3.76925e-11	2.32194e-11	3.75961e-06	1.33222e-11	3.75964e-06	2.32194e-11	2.32194e-11	3.75961e-06
8.50706e-06	1.20617e-11	2.41234e-11	2.88169e-12	3.00768e-06	1.59324e-11	3.00771e-06	1.01689e-11	2.88169e-12	3.00768e-06
6.80565e-06	7.71949e-12	1.54388e-11	1.01689e-11	2.40615e-06	2.01217e-12	2.40615e-06	4.27953e-11	1.01689e-11	2.40615e-06
5.44452e-06	4.94049e-12	9.88098e-12	2.64821e-11	1.92493e-06	6.09057e-12	1.92492e-06	2.64821e-11	2.64821e-11	1.92493e-06
4.35561e-06	3.16192e-12	6.32383e-12	1.4301e-11	1.53993e-06	1.5562e-12	1.53994e-06	2.39332e-11	1.4301e-11	1.53993e-06
3.48449e-06	2.0236e-12	4.04721e-12	4.94227e-11	1.23196e-06	1.62992e-12	1.23195e-06	1.62992e-12	4.94227e-11	1.23196e-06
2.78759e-06	1.29508e-12	2.59037e-12	3.34918e-11	9.8556e-07	1.35781e-11	9.85533e-07	5.34054e-11	3.34918e-11	9.8556e-07
2.23007e-06	8.29004e-13	1.65756e-12	2.62492e-11	7.88405e-07	2.62492e-11	7.88457e-07	1.35714e-12	2.62492e-11	7.88405e-07
1.78406e-06	5.30465e-13	1.06093e-12	2.62492e-11	6.30739e-07	4.86577e-12	6.30729e-07	3.59809e-11	2.62492e-11	6.30739e-07
1.42725e-06	3.39506e-13	6.79012e-13	2.62492e-11	5.04583e-07	1.26447e-11	5.04557e-07	9.04323e-11	2.62492e-11	5.04583e-07
1.1418e-06	2.17382e-13	4.34319e-13	5.15384e-11	4.03672e-07	2.92111e-12	4.03667e-07	5.15384e-11	5.15384e-11	4.03672e-07
9.13439e-07	1.39111e-13	2.78e-13	9.43136e-11	3.22968e-07	2.72298e-11	3.22913e-07	2.72298e-11	9.43136e-11	3.22968e-07
7.30751e-07	8.89289e-14	1.7808e-13	2.72298e-11	2.58307e-07	4.87348e-11	2.58404e-07	4.87348e-11	2.72298e-11	2.58307e-07
5.84601e-07	5.68434e-14	1.14131e-13	2.00664e-10	2.06613e-07	1.07525e-11	2.06634e-07	8.42032e-11	2.00664e-10	2.06613e-07
4.67681e-07	3.64153e-14	7.28306e-14	1.79159e-10	1.65402e-07	6.04642e-11	1.65281e-07	6.04642e-11	1.79159e-10	1.65402e-07
3.74144e-07	2.33147e-14	4.66294e-14	1.76925e-10	1.32168e-07	2.85567e-11	1.32225e-07	1.19811e-10	1.76925e-10	1.32168e-07
2.99316e-07	1.4877e-14	2.9976e-14	3.25293e-10	1.05758e-07	4.56274e-11	1.05667e-07	2.31088e-10	3.25293e-10	1.05758e-07
2.39452e-07	9.54792e-15	1.93179e-14	3.25293e-10	8.45228e-08	9.34679e-11	8.47097e-08	9.34679e-11	3.25293e-10	8.45228e-08
1.91562e-07	6.10623e-15	1.22125e-14	6.02008e-10	6.78314e-08	3.12226e-10	6.72069e-08	8.9179e-10	6.02008e-10	6.78314e-08
1.5325e-07	3.9968e-15	7.77156e-15	5.57119e-10	5.3777e-08	1.94892e-10	5.41667e-08	1.67336e-10	5.57119e-10	5.3777e-08
1.226e-07	2.55351e-15	4.66294e-15	9.19346e-10	4.25479e-08	4.66562e-10	4.3481e-08	1.37779e-11	9.19346e-10	4.25479e-08
9.80797e-08	1.66533e-15	3.33067e-15	4.66562e-10	3.34922e-08	4.66562e-10	3.44254e-08	6.65398e-10	4.66562e-10	3.34922e-08
7.84638e-08	9.99201e-16	1.9984e-15	4.66562e-10	2.78324e-08	2.40913e-10	2.73506e-08	2.40913e-10	4.66562e-10	2.78324e-08
6.2771e-08	6.66134e-16	1.33227e-15	1.88151e-09	2.11114e-08	1.12824e-10	2.13371e-08	7.71519e-10	1.88151e-09	2.11114e-08
5.02168e-08	4.44089e-16	8.88178e-16	9.97168e-10	1.66897e-08	1.08262e-10	1.64732e-08	1.21369e-09	9.97168e-10	1.66897e-08
4.01735e-08	3.33067e-16	4.44089e-16	1.08262e-10	1.39261e-08	1.08262e-10	1.37096e-08	1.08262e-10	1.08262e-10	1.39261e-08
3.21388e-08	2.22045e-16	2.22045e-16	4.25362e-09	1.11626e-08	7.99155e-10	9.56425e-09	2.52639e-09	4.25362e-09	1.11626e-08
2.5711e-08	1.11022e-16	2.22045e-16	4.38255e-09	4.25362e-09	2.2235e-09	8.70063e-09	2.09458e-09	4.38255e-09	4.25362e-09
2.05688e-08	0	2.22045e-16	2.2235e-09	8.57171e-09	3.1741e-09	2.2235e-09	8.57171e-09	2.2235e-09	8.57171e-09
1.6455e-08	0	2.22045e-16	1.03199e-08	3.1741e-09	1.99402e-10	3.57291e-09	3.1741e-09	1.03199e-08	3.1741e-09
1.3164e-08	0	2.22045e-16	2.04404e-08	3.57291e-09	3.57291e-09	3.57291e-09	4.86085e-09	2.04404e-08	3.57291e-09
1.05312e-08	0	0	7.78978e-09	2.75241e-09	2.75241e-09	2.75241e-09	8.02351e-09	7.78978e-09	2.75241e-09
8.42498e-09	0	0	2.51869e-09	2.51869e-09	4.07019e-09	1.06591e-08	2.38368e-08	2.51869e-09	2.51869e-09
6.73999e-09	0	0	2.22853e-08	5.81312e-09	2.42297e-09	1.06591e-08	1.88952e-08	2.22853e-08	5.81312e-09
5.39199e-09	0	0	1.40492e-08	1.40492e-08	3.7541e-09	6.54102e-09	1.68361e-08	1.40492e-08	1.40492e-08
4.31359e-09	0	0	2.43443e-08	1.39346e-09	1.39346e-09	1.39346e-09	1.39346e-09	2.43443e-08	1.39346e-09
3.45087e-09	0	0	5.00821e-08	1.79099e-08	1.82377e-09	1.42624e-08	3.03485e-08	5.00821e-08	1.79099e-08
2.7607e-09	0	0	6.61682e-08	2.59529e-08	5.84529e-09	1.42624e-08	1.42624e-08	6.61682e-08	2.59529e-08
2.20856e-09	0	0	3.437e-08	1.58991e-08	1.58991e-08	1.58991e-08	1.58991e-08	3.437e-08	1.58991e-08
1.76685e-09	0	0	1.58991e-08	1.58991e-08	1.55191e-08	4.69373e-08	7.83555e-08	1.58991e-08	1.58991e-08
1.41348e-09	0	0	1.58991e-08	1.58991e-08	2.33736e-08	6.26464e-08	1.01919e-07	1.58991e-08	1.58991e-08
1.13078e-09	0	0	1.7299e-07	7.48082e-08	2.57173e-08	2.33736e-08	2.33736e-08	1.7299e-07	7.48082e-08
9.04626e-10	0	0	2.33736e-08	2.33736e-08	2.33736e-08	2.33736e-08	2.33736e-08	2.33736e-08	2.33736e-08
7.23701e-10	0	0	3.799e-08	3.799e-08	3.87145e-08	1.15419e-07	1.92124e-07	3.799e-08	3.799e-08
5.7896e-10	0	0	1.92124e-07	3.62254e-10	3.62254e-10	3.62254e-10	3.62254e-10	1.92124e-07	3.62254e-10
4.63168e-10	0	0	2.8728e-07	4.75781e-08	7.22728e-08	1.92124e-07	3.11975e-07	2.8728e-07	4.75781e-08
3.70535e-10	0	0	1.67429e-07	1.67429e-07	1.76154e-08	1.32198e-07	1.32198e-07	1.67429e-07	1.67429e-07
2.96428e-10	0	0	6.1687e-07	2.42336e-07	5.50688e-08	1.32198e-07	1.32198e-07	6.1687e-07	2.42336e-07
2.37142e-10	0	0	5.06732e-07	3.85647e-08	3.85647e-08	3.85647e-08	3.85647e-08	5.06732e-07	3.85647e-08
1.89714e-10	0	0	7.40816e-07	1.55607e-07	1.55607e-07	1.55607e-07	1.55607e-07	7.40816e-07	1.55607e-07
1.51771e-10	0	0	1.01481e-06	2.83301e-07	8.24554e-08	4.48211e-07	4.48211e-07	1.01481e-06	2.83301e-07
1.21417e-10	0	0	1.74632e-06	8.31934e-07	3.7474e-07	8.24554e-08	8.24554e-08	1.74632e-06	8.31934e-07
9.71334e-11	0	0	2.20352e-06	1.06053e-06	4.89038e-07	8.24554e-08	8.24554e-08	2.20352e-06	1.06053e-06
7.77068e-11	0	0	4.89038e-07	4.89038e-07	2.25329e-07	9.39696e-07	1.65406e-06	4.89038e-07	4.89038e-07
6.21654e-11	0	0	1.20341e-06	1.20341e-06	3.10446e-07	5.82512e-07	1.47547e-06	1.20341e-06	1.20341e-06
4.97323e-11	0	0	3.88228e-06	1.64988e-06	5.33686e-07	5.82512e-07	5.82512e-07	3.88228e-06	1.64988e-06
3.97859e-11	0	0	5.33686e-07	5.33686e-07	5.33686e-07	5.33686e-07	1.92893e-06	5.33686e-07	5.33686e-07
3.18287e-11	0	0	1.92893e-06	1.92893e-06	1.84874e-07	1.55919e-06	3.30325e-06	1.92893e-06	1.92893e-06
2.54629e-11	0	0	3.67299e-06	6.87156e-07	6.87156e-07	6.87156e-07	6.87156e-07	3.67299e-06	6.87156e-07
2.03704e-11	0	0	6.87156e-07	6.87156e-07	6.87156e-07	6.87156e-07	6.87156e-07	6.87156e-07	6.87156e-07
1.62963e-11	0	0	6.87156e-07	6.87156e-07	6.87156e-07	6.87156e-07	6.87156e-07	6.87156e-07	6.87156e-07
1.3037e-11	0	0	4.09352e-06	4.4224e-06	1.64436e-07	4.09352e-06	8.35148e-06	4.09352e-06	4.4224e-06
1.04296e-11	0	0	8.68036e-06	1.96454e-06	1.96454e-06	1.96454e-06	1.96454e-06	8.68036e-06	1.96454e-06
8.3437e-12	0	0	7.28699e-06	6.01913e-06	6.33932e-07	7.28699e-06	1.39401e-05	7.28699e-06	6.01913e-06
6.67496e-12	0	0	1.39401e-05	2.6926e-06	5.62373e-06	1.39401e-05	2.22564e-05	1.39401e-05	2.6926e-06
5.33997e-12	0	0	1.10089e-05	1.10089e-05	6.13518e-07	9.78189e-06	2.01773e-05	1.10089e-05	1.10089e-05
4.27197e-12	0	0	1.10089e-05	1.10089e-05	1.98533e-06	1.49796e-05	1.49796e-05	1.10089e-05	1.10089e-05
3.41758e-12	0	0	2.40032e-05	2.40032e-05	7.76036e-06	8.48247e-06	8.48247e-06	2.40032e-05	2.40032e-05
2.73406e-12	0	0	2.47253e-05	1.58818e-05	4.42176e-06	2.47253e-05	4.50288e-05	2.47253e-05	1.58818e-05
2.18725e-12	0	0	3.61853e-05	3.61853e-05	1.08059e-05	1.45735e-05	1.45735e-05	3.61853e-05	3.61853e-05
1.7498e-12	0	0	3.61853e-05	3.61853e-05	4.46104e-06	2.72632e-05	2.72632e-05	3.61853e-05	3.61853e-05
1.39984e-12	0	0	2.72632e-05	2.72632e-05	2.72632e-05	2.72632e-05	2.72632e-05	2.72632e-05	2.72632e-05
1.11987e-12	0	0	5.20474e-05	5.20474e-05	2.47827e-06	4.70909e-05	4.70909e-05	5.20474e-05	5.20474e-05
8.95898e-13	0	0	2.47827e-06	2.47827e-06	5.94832e-05	0.000121445	0.000183406	2.47827e-06	2.47827e-06
7.16718e-13	0	0	0.000183406	2.85025e-05	2.85025e-05	2.85025e-05	4.89494e-05	0.000183406	2.85025e-05
5.73375e-13	0	0	0.000358757	0.000165127	6.83123e-05	2.85025e-05	0.000125317	0.000358757	0.000165127
4.587e-13	0	0	0.000358757	0.00011672	4.29877e-06	0.000125317	0.000125317	0.000358757	0.00011672
3.6696e-13	0	0	0.000246336	5.62105e-05	5.62105e-05	5.62105e-05	5.62105e-05	0.000246336	5.62105e-05
2.93568e-13	0	0	0.000661303	0.00028312	9.40288e-05	9.50626e-05	9.50626e-05	0.000661303	0.00028312
2.34854e-13	0	0	0.000850394	0.000377666	0.000141302	9.50626e-05	0.000331427	0.000850394	0.000377666
1.87883e-13	0	0	0.000377666	0.000377666	8.22106e-05	0.000213245	0.0005087	0.000377666	0.000377666
1.50307e-13	0	0	0.0005087	0.000229938	0.000139381	0.0005087	0.000878019	0.0005087	0.000229938
1.20245e-13	0	0	0.00170721	0.000783917	0.000322268	0.000139381	0.000139381	0.00170721	0.000783917
9.61963e-14	0	0	0.000783917	0.000783917	0.000206856	0.000370205	0.000947267	0.000783917	0.000783917
7.6957e-14	0	0	0.000206856	0.000206856	0.000206856	0.000206856	0.000206856	0.000206856	0.000206856
6.15656e-14	0	0	0.000206856	0.000206856	0.000694802	0.00159646	0.00249812	0.000206856	0.000206856
4.92525e-14	0	0	0.000694802	0.000694802	0.000694802	0.000694802	0.000694802	0.000694802	0.000694802
3.9402e-14	0	0	0.00268642	0.000131266	0.000131266	0.000131266	0.000131266	0.00268642	0.000131266
3.15216e-14	0	0	0.00268642	0.00268642	0.000925365	0.000835686	0.000835686	0.00268642	0.00268642
2.52173e-14	0	0	0.00268642	0.00268642	0.000485102	0.00171621	0.00391753	0.00268642	0.00268642
2.01738e-14	0	0	0.00268642	0.00268642	6.52266e-05	0.00281687	0.00281687	0.00268642	0.00268642
1.61391e-14	0	0	0.00543806	0.00543806	0.0019985	0.00144105	0.0048806	0.00543806	0.00543806
1.29112e-14	0	0	0.0019985	0.0019985	0.0019985	0.0019985	0.0019985	0.0019985	0.0019985
1.0329e-14	0	0	0.0191963	0.00844767	0.00307337	0.00230094	0.00230094	0.0191963	0.00844767
8.2632e-15	0	0	0.00844767	0.00844767	0.00172979	0.00498809	0.011706	0.00844767	0.00844767
6.61056e-15	0	0	0.00172979	0.00172979	0.00666756	0.0150649	0.0234622	0.00172979	0.00172979
5.28845e-15	0	0	0.00666756	0.00666756	0.00666756	0.00666756	0.00666756	0.00666756	0.00666756
4.23076e-15	0	0	0.0276609	0.00141921	0.00141921	0.00141921	0.00141921	0.0276609	0.00141921
3.38461e-15	0	0	0.0145401	0.0182621	0.001861	0.0145401	0.0309411	0.0145401	0.0182621
2.70769e-15	0	0	0.0309411	0.0100615	0.0100615	0.0100615	0.0100615	0.0309411	0.0100615
2.16615e-15	0	0	0.0104398	0.0104398	0.0360665	0.0616931	0.0873198	0.0104398	0.0104398
1.73292e-15	0	0	0.0664402	0.00237353	0.0296598	0.0616931	0.0937265	0.0664402	0.00237353
1.38633e-15	0	0	0.0664402	0.0664402	0.0263985	0.0136431	0.0536848	0.0664402	0.0664402
1.10907e-15	0	0	0.106482	0.0063777	0.0063777	0.0063777	0.0564298	0.106482	0.0063777
8.87254e-16	0	0	0.206586	0.0814558	0.0188907	0.0436744	0.0436744	0.206586	0.0814558
7.09803e-16	0	0	0.0814558	0.0814558	0.00324944	0.0749569	0.153163	0.0814558	0.0814558
5.67843e-16	0	0	0.316075	0.120559	0.022801	0.0749569	0.172715	0.316075	0.120559
4.54274e-16	0	0	0.218317	0.218317	0.0961195	0.0260779	0.0260779	0.218317	0.218317
3.63419e-16	0	0	0.0961195	0.0961195	0.0961195	0.0961195	0.248866	0.0961195	0.0961195
2.90735e-16	0	0	0.0566273	0.0566273	0.0566273	0.0566273	0.134306	0.0566273	0.0566273
2.32588e-16	0	0	0.247561	0.229773	0.00889393	0.247561	0.486228	0.247561	0.229773
