0	-0.641507	-0.799891	-0.507442	-0.950406	-1.9208	-0.337528	-0.675055	
-0.146128	-0.849901	-1.08149	-0.798455	-1.23201	-1.38982	-0.465702	-1.07753	
-0.292256	-1.10195	-1.36832	-1.10571	-1.51883	-1.47576	-0.602727	-1.49771	
-0.438384	-1.37427	-1.6578	-1.41751	-1.80832	-1.66756	-0.744226	-1.92684	
-0.584512	-1.65649	-1.94865	-1.72866	-2.09916	-1.90267	-0.887996	-2.3605	
-0.73064	-1.94367	-2.24018	-2.03715	-2.3907	-2.15986	-1.03292	-2.79648	
-0.876768	-2.23334	-2.53207	-2.34249	-2.68259	-2.42958	-1.17844	-3.23364	
-1.0229	-2.52428	-2.82414	-2.6449	-2.97465	-2.70691	-1.32425	-3.6714	
-1.16902	-2.81587	-3.1163	-2.94484	-3.26681	-2.98905	-1.47022	-4.10947	
-1.31515	-3.10778	-3.40851	-3.2428	-3.55902	-3.27436	-1.61627	-4.54769	
-1.46128	-3.39986	-3.70074	-3.53926	-3.85125	-3.56179	-1.76235	-4.98599	
-1.60741	-3.69203	-3.99298	-3.83458	-4.1435	-3.85067	-1.90846	-5.42433	
-1.75354	-3.98424	-4.28523	-4.12905	-4.43575	-4.14054	-2.05458	-5.86269	
-1.89966	-4.27647	-4.57748	-4.4229	-4.728	-4.43111	-2.2007	-6.30106	
-2.04579	-4.56872	-4.86974	-4.71631	-5.02025	-4.72217	-2.34683	-6.73944	
-2.19192	-4.86097	-5.16199	-5.00939	-5.31251	-5.01358	-2.49295	-7.17782	
-2.33805	-5.15322	-5.45425	-5.30224	-5.60476	-5.30523	-2.63908	-7.61621	
-2.48418	-5.44548	-5.7465	-5.59492	-5.89702	-5.59706	-2.78521	-8.05459	
-2.6303	-5.73773	-6.03876	-5.88748	-6.18928	-5.88901	-2.93133	-8.49298	
-2.77643	-6.02999	-6.33102	-6.17996	-6.48153	-6.18105	-3.07746	-8.93136	
-2.92256	-6.32224	-6.62327	-6.47237	-6.77379	-6.47315	-3.22359	-9.36965	
-3.06869	-6.6145	-6.91553	-6.76474	-7.06604	-6.76529	-3.36972	-9.80817	
-3.21482	-6.90675	-7.20778	-7.05707	-7.3583	-7.05747	-3.51585	-10.2456	
-3.36094	-7.19901	-7.50004	-7.34938	-7.65056	-7.34966	-3.66197	-10.6906	
-3.50707	-7.49127	-7.7923	-7.64168	-7.94281	-7.64188	-3.8081	-11.1051	
-3.6532	-7.78352	-8.08455	-7.93395	-8.23507	-7.9341	-3.95423	-11.5232	
-3.79933	-8.07578	-8.37681	-8.22627	-8.52729	-8.22632	-4.10036	-16.213	
-3.94546	-8.36804	-8.66907	-8.51877	-8.81961	-8.51842	-4.24649	-16.213	
-4.09158	-8.66029	-8.96132	-8.81111	-9.11204	-8.81034	-4.39261	-16.213	
-4.23771	-8.95255	-9.25358	-9.1028	-9.40348	-9.10333	-4.53874	-16.213	
-4.38384	-9.2448	-9.54583	-9.39544	-9.69413	-9.39544	-4.68487	-16.213	
-4.52997	-9.53706	-9.83809	-9.7031	-9.9879	-9.67904	-4.831	-16.213	
-4.6761	-9.82932	-10.1303	-10.0119	-10.2563	-9.978	-4.97713	-16.213	
-4.82223	-10.1216	-10.4226	-10.2752	-10.5522	-10.2752	-5.12326	-16.213	
-4.96835	-10.4138	-10.7149	-10.4514	-10.9553	-10.3923	-5.26938	-16.213	
-5.11448	-10.7061	-11.0071	-11.1896	-11.0975	-10.8637	-5.41551	-16.213	
-5.26061	-10.9983	-11.2994	-10.9634	-12.1173	-10.7107	-5.56164	-16.213	
-5.40674	-11.2906	-11.5916	-11.555	-11.555	-10.5928	-5.70777	-16.213	
-5.55287	-11.5828	-11.8839	-10.2687	-10.8475	-10.8475	-5.8539	-16.213	
-5.69899	-11.8751	-12.1761	-11.0185	-11.0185	-10.1326	-6.00003	-16.213	
-5.84512	-12.1673	-12.4684	-11.0184	-11.0184	-10.5335	-6.14615	-16.213	
-5.99125	-12.4596	-12.7606	-11.0184	-11.0184	-10.3485	-6.29226	-16.213	
-6.13738	-12.7516	-13.0531	-9.4464	-10.2748	-10.6372	-6.43845	-16.213	
-6.28351	-13.044	-13.345	-10.2748	-10.2714	-9.57383	-6.58437	-16.213	
-6.42963	-13.3376	-13.6365	-9.92995	-9.92995	-9.38083	-6.73047	-16.213	
-6.57576	-13.6283	-13.9293	-9.44345	-9.82042	-9.82042	-6.8764	-16.213	
-6.72189	-13.9212	-14.2222	-8.9222	-10.5882	-9.25229	-7.02319	-16.213	
-6.86802	-14.2222	-14.5074	-9.3063	-10.074	-10.074	-7.16749	-16.213	
-7.01415	-14.4775	-14.8085	-9.79196	-9.13375	-8.7254	-7.31719	-16.213	
-7.16027	-14.7505	-15.1095	-9.20744	-9.20744	-8.84676	-7.45189	-16.213	
-7.3064	-15.0515	-15.3525	-10.6563	-8.95783	-8.65247	-7.6068	-16.213	
-7.45253	-15.3525	-15.6536	-8.34503	-9.69305	-8.47495	-7.72391	-16.213	
-7.59866	-15.6536	-15.9546	-8.69889	-9.69305	-8.33639	-7.87881	-16.213	
-7.74479	-15.6536	-inf	-9.62364	-8.54569	-8.04502	-8.2098	-16.213	
-7.89091	-15.6536	-inf	-7.99534	-8.8322	-8.54569	-8.06368	-16.213	
-8.03704	-inf	-inf	-8.17696	-9.21609	-7.75627	-16.213	-16.213	
-8.18317	-inf	-inf	-8.74063	-8.74063	-8.74063	-16.213	-16.213	
-8.3293	-inf	-inf	-7.65503	-7.98798	-8.80456	-16.213	-16.213	
-8.47543	-inf	-inf	-7.15786	-7.70422	-8.49877	-16.213	-16.213	
-8.62155	-inf	-inf	-7.08199	-7.88192	-7.47725	-16.213	-16.213	
-8.76768	-inf	-inf	-7.34068	-7.88192	-7.28481	-16.213	-16.213	
-8.91381	-inf	-inf	-6.75525	-7.40743	-8.19493	-16.213	-16.213	
-9.05994	-inf	-inf	-6.75525	-7.81002	-6.84485	-16.213	-16.213	
-9.20607	-inf	-inf	-7.64305	-7.17738	-6.61101	-16.213	-16.213	
-9.35219	-inf	-inf	-6.62549	-6.95092	-7.88812	-16.213	-16.213	
-9.49832	-inf	-inf	-6.86345	-7.42114	-6.41156	-16.213	-16.213	
-9.64445	-inf	-inf	-6.86345	-6.86345	-6.86345	-16.213	-16.213	
-9.79058	-inf	-inf	-6.47782	-8.00258	-6.15776	-16.213	-16.213	
-9.93671	-inf	-inf	-5.7686	-6.57799	-6.15776	-16.213	-16.213	
-10.0828	-inf	-inf	-6.25795	-6.25795	-6.25795	-16.213	-16.213	
-10.229	-inf	-inf	-5.96275	-6.82656	-6.10162	-16.213	-16.213	
-10.3751	-inf	-inf	-5.73473	-6.27961	-5.67612	-16.213	-16.213	
-10.5212	-inf	-inf	-5.30087	-6.27733	-5.37524	-16.213	-16.213	
-10.6673	-inf	-inf	-5.6877	-6.27733	-5.50742	-16.213	-16.213	
-10.8135	-inf	-inf	-5.2089	-5.59028	-5.98123	-16.213	-16.213	
-10.9596	-inf	-inf	-5.0825	-5.73374	-5.73374	-16.213	-16.213	
-11.1057	-inf	-inf	-6.75183	-6.75183	-5.16089	-16.213	-16.213	
-11.2519	-inf	-inf	-4.64136	-5.52149	-5.52149	-16.213	-16.213	
-11.398	-inf	-inf	-4.39136	-5.9885	-4.54083	-16.213	-16.213	
-11.5441	-inf	-inf	-4.28639	-5.18187	-4.34256	-16.213	-16.213	
-11.6902	-inf	-inf	-4.44166	-5.04739	-4.73904	-16.213	-16.213	
-11.8364	-inf	-inf	-3.99371	-4.89291	-4.29344	-16.213	-16.213	
-11.9825	-inf	-inf	-3.99371	-4.23286	-3.78216	-16.213	-16.213	
-12.1286	-inf	-inf	-4.2306	-4.80016	-3.78216	-16.213	-16.213	
-12.2748	-inf	-inf	-3.62351	-3.87468	-4.53844	-16.213	-16.213	
-12.4209	-inf	-inf	-3.81149	-5.09455	-3.54581	-16.213	-16.213	
-12.567	-inf	-inf	-4.42824	-4.42824	-4.42824	-16.213	-16.213	
-12.7131	-inf	-inf	-3.20891	-3.47966	-3.0434	-16.213	-16.213	
-12.8593	-inf	-inf	-3.27663	-3.89473	-3.17037	-16.213	-16.213	
-13.0054	-inf	-inf	-2.9678	-3.28827	-2.78542	-16.213	-16.213	
-13.1515	-inf	-inf	-2.9678	-3.30384	-3.30384	-16.213	-16.213	
-13.2977	-inf	-inf	-2.63153	-3.87706	-3.87706	-16.213	-16.213	
-13.4438	-inf	-inf	-2.63153	-3.12576	-2.64	-16.213	-16.213	
-13.5899	-inf	-inf	-2.95776	-2.95776	-2.95776	-16.213	-16.213	
-13.736	-inf	-inf	-2.23603	-2.55527	-3.62256	-16.213	-16.213	
-13.8822	-inf	-inf	-1.88399	-3.43641	-2.09163	-16.213	-16.213	
-14.0283	-inf	-inf	-1.70261	-2.68637	-2.00919	-16.213	-16.213	
-14.1744	-inf	-inf	-1.98491	-2.68637	-1.83772	-16.213	-16.213	
-14.3205	-inf	-inf	-1.98491	-2.89998	-1.61112	-16.213	-16.213	
-14.4667	-inf	-inf	-2.08478	-2.08478	-2.08478	-16.213	-16.213	
-14.6128	-inf	-inf	-1.15608	-2.81587	-1.35661	-16.213	-16.213	
-14.7589	-inf	-inf	-1.15608	-1.58864	-1.04811	-16.213	-16.213	
-14.9051	-inf	-inf	-0.765034	-1.42085	-2.17615	-16.213	-16.213	
-15.0512	-inf	-inf	-0.683053	-1.69679	-1.3731	-16.213	-16.213	
-15.1973	-inf	-inf	-2.11863	-1.09785	-0.593968	-16.213	-16.213	
-15.3434	-inf	-inf	-0.662623	-1.02206	-1.5628	-16.213	-16.213	
-15.4896	-inf	-inf	-1.66555	-1.66555	-0.714496	-16.213	-16.213	
-15.6357	-inf	-inf	-0.597561	-1.89703	-0.307567	-16.213	-16.213	
